1.000000000000 0.500000000000 0.931742628943
1.000000000000 1.500000000000 0.932684060273
1.000000000000 3.000000000000 0.966097666328
1.000000000000 0.000000000000 1.110288698480
2.000000000000 0.500000000000 1.986121924135
2.000000000000 1.500000000000 1.892580561882
2.000000000000 3.000000000000 1.940422024080
2.000000000000 0.000000000000 2.108178986582
3.000000000000 0.500000000000 3.005212591781
3.000000000000 1.500000000000 2.859571853503
3.000000000000 3.000000000000 2.909571533948
3.000000000000 0.000000000000 3.128740487161
4.000000000000 0.500000000000 4.022434417061
4.000000000000 1.500000000000 3.830346740381
4.000000000000 3.000000000000 3.889614357889
4.000000000000 0.000000000000 4.178075880394
5.000000000000 0.500000000000 5.033884936691
5.000000000000 1.500000000000 4.771069257488
5.000000000000 3.000000000000 4.868294967537
5.000000000000 0.000000000000 5.193400430014
6.000000000000 0.500000000000 6.026295828306
6.000000000000 1.500000000000 5.733066696026
6.000000000000 3.000000000000 5.830690298022
6.000000000000 0.000000000000 6.263953448130
7.000000000000 0.500000000000 7.015761428267
7.000000000000 1.500000000000 6.657577625499
7.000000000000 3.000000000000 6.836056965237
7.000000000000 0.000000000000 7.292727658116
8.000000000000 0.500000000000 7.857095912212
8.000000000000 1.500000000000 7.619969303377
8.000000000000 3.000000000000 7.822031889424
8.000000000000 0.000000000000 8.334941714110
